518400 0	31
777600 0	59
1036800 1036800 90	
1296000 1296000 120	
1641600 1641600 151	
2160000 3801600 181	
2160000 2937600 212	
1555200 1555200 243	
1209600 1209600 273	
864000 864000 304	
604800 0	334
518400 0	365
518400 0	396
777600 0	424
1036800 1036800 90	
1296000 1296000 120	
1641600 1641600 151	
2160000 3801600 181	
2160000 2937600 212	
1555200 1555200 243	
1209600 1209600 273	
864000 864000 304	
604800 0	699
518400 0	730
518400 0	761
777600 0	789
1036800 1036800 90	
1296000 1296000 120	
1641600 1641600 151	
2160000 3801600 181	
2160000 2937600 212	
1555200 1555200 243	
1209600 1209600 273	
864000 864000 304	
604800 0	1064
518400 0	1095
518400 0	1126
777600 0	1154
1036800 1036800 90	
1296000 1296000 120	
1641600 1641600 151	
2160000 3801600 181	
2160000 2937600 212	
1555200 1555200 243	
1209600 1209600 273	
864000 864000 304	
604800 0	1429
518400 0	1460
518400 0	1491
777600 0	1519
1036800 1036800 90	
1296000 1296000 120	
1641600 1641600 151	
2160000 3801600 181	
2160000 2937600 212	
1555200 1555200 243	
1209600 1209600 273	
864000 864000 304	
604800 0	1794
518400 0	1825
